# In 'data_normal_1a.xy'
# Num of data=   19500
# x_min= 170.005, x_max= 369.984
# y_min=-130.496, y_max= 122.142
# N_bin=  15
# Population 
# Distribution 
#      x     p(x)        y     p(y)
 176.671 -122.074  0.00037 
 176.671 -105.232  0.00339 
 176.671  -88.389  0.01326 
 176.671  -71.547  0.02264 
 176.671  -54.704  0.02089 
 176.671  -37.862  0.00631 
 176.671  -21.019  0.00101 
 176.671   -4.177  0.00011 
 176.671   12.666  0.00000 
 176.671   29.508  0.00000 
 176.671   46.351  0.00000 
 176.671   63.193  0.00000 
 176.671   80.035  0.00000 
 176.671   96.878  0.00000 
 176.671  113.720  0.00000 

 190.003 -122.074  0.00032 
 190.003 -105.232  0.00366 
 190.003  -88.389  0.01469 
 190.003  -71.547  0.02455 
 190.003  -54.704  0.01813 
 190.003  -37.862  0.00695 
 190.003  -21.019  0.00085 
 190.003   -4.177  0.00011 
 190.003   12.666  0.00000 
 190.003   29.508  0.00000 
 190.003   46.351  0.00000 
 190.003   63.193  0.00000 
 190.003   80.035  0.00000 
 190.003   96.878  0.00000 
 190.003  113.720  0.00000 

 203.335 -122.074  0.00058 
 203.335 -105.232  0.00323 
 203.335  -88.389  0.01479 
 203.335  -71.547  0.02386 
 203.335  -54.704  0.01957 
 203.335  -37.862  0.00753 
 203.335  -21.019  0.00064 
 203.335   -4.177  0.00011 
 203.335   12.666  0.00000 
 203.335   29.508  0.00000 
 203.335   46.351  0.00000 
 203.335   63.193  0.00000 
 203.335   80.035  0.00000 
 203.335   96.878  0.00000 
 203.335  113.720  0.00000 

 216.667 -122.074  0.00032 
 216.667 -105.232  0.00371 
 216.667  -88.389  0.01485 
 216.667  -71.547  0.02328 
 216.667  -54.704  0.01941 
 216.667  -37.862  0.00599 
 216.667  -21.019  0.00069 
 216.667   -4.177  0.00005 
 216.667   12.666  0.00000 
 216.667   29.508  0.00000 
 216.667   46.351  0.00000 
 216.667   63.193  0.00000 
 216.667   80.035  0.00000 
 216.667   96.878  0.00000 
 216.667  113.720  0.00000 

 229.999 -122.074  0.00032 
 229.999 -105.232  0.00382 
 229.999  -88.389  0.01400 
 229.999  -71.547  0.02285 
 229.999  -54.704  0.01808 
 229.999  -37.862  0.00711 
 229.999  -21.019  0.00111 
 229.999   -4.177  0.00016 
 229.999   12.666  0.00000 
 229.999   29.508  0.00000 
 229.999   46.351  0.00000 
 229.999   63.193  0.00000 
 229.999   80.035  0.00000 
 229.999   96.878  0.00000 
 229.999  113.720  0.00000 

 243.331 -122.074  0.00027 
 243.331 -105.232  0.00323 
 243.331  -88.389  0.01331 
 243.331  -71.547  0.02296 
 243.331  -54.704  0.02068 
 243.331  -37.862  0.00737 
 243.331  -21.019  0.00117 
 243.331   -4.177  0.00005 
 243.331   12.666  0.00000 
 243.331   29.508  0.00000 
 243.331   46.351  0.00000 
 243.331   63.193  0.00000 
 243.331   80.035  0.00000 
 243.331   96.878  0.00000 
 243.331  113.720  0.00000 

 256.663 -122.074  0.00000 
 256.663 -105.232  0.00101 
 256.663  -88.389  0.00445 
 256.663  -71.547  0.01506 
 256.663  -54.704  0.01845 
 256.663  -37.862  0.01612 
 256.663  -21.019  0.00928 
 256.663   -4.177  0.00392 
 256.663   12.666  0.00159 
 256.663   29.508  0.00037 
 256.663   46.351  0.00000 
 256.663   63.193  0.00000 
 256.663   80.035  0.00000 
 256.663   96.878  0.00000 
 256.663  113.720  0.00000 

 269.995 -122.074  0.00000 
 269.995 -105.232  0.00000 
 269.995  -88.389  0.00000 
 269.995  -71.547  0.00000 
 269.995  -54.704  0.00016 
 269.995  -37.862  0.00074 
 269.995  -21.019  0.00313 
 269.995   -4.177  0.00716 
 269.995   12.666  0.01283 
 269.995   29.508  0.01856 
 269.995   46.351  0.01824 
 269.995   63.193  0.01007 
 269.995   80.035  0.00244 
 269.995   96.878  0.00027 
 269.995  113.720  0.00000 

 283.327 -122.074  0.00000 
 283.327 -105.232  0.00000 
 283.327  -88.389  0.00000 
 283.327  -71.547  0.00000 
 283.327  -54.704  0.00000 
 283.327  -37.862  0.00000 
 283.327  -21.019  0.00000 
 283.327   -4.177  0.00037 
 283.327   12.666  0.00286 
 283.327   29.508  0.01214 
 283.327   46.351  0.02413 
 283.327   63.193  0.02094 
 283.327   80.035  0.00758 
 283.327   96.878  0.00148 
 283.327  113.720  0.00016 

 296.659 -122.074  0.00000 
 296.659 -105.232  0.00000 
 296.659  -88.389  0.00000 
 296.659  -71.547  0.00000 
 296.659  -54.704  0.00000 
 296.659  -37.862  0.00000 
 296.659  -21.019  0.00000 
 296.659   -4.177  0.00053 
 296.659   12.666  0.00297 
 296.659   29.508  0.01114 
 296.659   46.351  0.02471 
 296.659   63.193  0.01877 
 296.659   80.035  0.00790 
 296.659   96.878  0.00148 
 296.659  113.720  0.00005 

 309.991 -122.074  0.00000 
 309.991 -105.232  0.00000 
 309.991  -88.389  0.00000 
 309.991  -71.547  0.00000 
 309.991  -54.704  0.00000 
 309.991  -37.862  0.00000 
 309.991  -21.019  0.00000 
 309.991   -4.177  0.00011 
 309.991   12.666  0.00265 
 309.991   29.508  0.01246 
 309.991   46.351  0.02519 
 309.991   63.193  0.02052 
 309.991   80.035  0.00705 
 309.991   96.878  0.00148 
 309.991  113.720  0.00011 

 323.323 -122.074  0.00000 
 323.323 -105.232  0.00000 
 323.323  -88.389  0.00000 
 323.323  -71.547  0.00000 
 323.323  -54.704  0.00000 
 323.323  -37.862  0.00000 
 323.323  -21.019  0.00000 
 323.323   -4.177  0.00037 
 323.323   12.666  0.00286 
 323.323   29.508  0.01352 
 323.323   46.351  0.02535 
 323.323   63.193  0.01914 
 323.323   80.035  0.00695 
 323.323   96.878  0.00133 
 323.323  113.720  0.00016 

 336.655 -122.074  0.00000 
 336.655 -105.232  0.00000 
 336.655  -88.389  0.00000 
 336.655  -71.547  0.00000 
 336.655  -54.704  0.00000 
 336.655  -37.862  0.00000 
 336.655  -21.019  0.00000 
 336.655   -4.177  0.00016 
 336.655   12.666  0.00233 
 336.655   29.508  0.01246 
 336.655   46.351  0.02434 
 336.655   63.193  0.01957 
 336.655   80.035  0.00705 
 336.655   96.878  0.00122 
 336.655  113.720  0.00011 

 349.986 -122.074  0.00000 
 349.986 -105.232  0.00000 
 349.986  -88.389  0.00000 
 349.986  -71.547  0.00000 
 349.986  -54.704  0.00000 
 349.986  -37.862  0.00000 
 349.986  -21.019  0.00000 
 349.986   -4.177  0.00021 
 349.986   12.666  0.00223 
 349.986   29.508  0.01124 
 349.986   46.351  0.02275 
 349.986   63.193  0.02047 
 349.986   80.035  0.00689 
 349.986   96.878  0.00159 
 349.986  113.720  0.00005 

 363.318 -122.074  0.00000 
 363.318 -105.232  0.00000 
 363.318  -88.389  0.00000 
 363.318  -71.547  0.00000 
 363.318  -54.704  0.00000 
 363.318  -37.862  0.00000 
 363.318  -21.019  0.00000 
 363.318   -4.177  0.00011 
 363.318   12.666  0.00148 
 363.318   29.508  0.00573 
 363.318   46.351  0.01347 
 363.318   63.193  0.00939 
 363.318   80.035  0.00313 
 363.318   96.878  0.00138 
 363.318  113.720  0.00000 
# Intg_x p(x)= 1.00000 Intg_y p(y)= 1.00000 Intg_xy p(x,y)= 1.00000
