# Num of data=    9500
# x_min= 170.006, x_max= 369.984
# y_min=-121.266, y_max= 117.565
# bin_N=  14
# Population 
 170.006  686.000 -121.266   21.000 
 184.290  616.000 -104.207  260.000 
 198.574  695.000  -87.147  941.000 
 212.859  691.000  -70.088 1569.000 
 227.143  655.000  -53.029 1278.000 
 241.427  679.000  -35.969  487.000 
 255.711  700.000  -18.910  149.000 
 269.995  748.000   -1.851  143.000 
 284.279  704.000   15.209  362.000 
 298.564  656.000   32.268 1065.000 
 312.848  653.000   49.327 1692.000 
 327.132  673.000   66.387 1149.000 
 341.416  656.000   83.446  327.000 
 355.700  687.000  100.506   56.000 
